0.000   0.000   0.000
0.000   0.000   1.540
1.076   -0.975   2.054
2.207   -0.181   2.732
3.222   0.278   1.668
4.622   0.376   2.302
5.520   -0.744   1.743
4.842   -2.108   1.970
3.437   -2.095   1.340
2.638   -3.313   1.841
2.379   -4.276   0.668
3.717   -4.642   -0.002
3.566   -5.975   -0.757
4.907   -6.732   -0.736
4.649   -8.238   -0.928
5.995   -8.980   -1.035
5.800   -10.286   -1.828
7.080   -10.599   -2.625
6.801   -11.744   -3.617
5.949   -11.215   -4.785
4.881   -10.245   -4.246
4.212   -9.512   -5.422
4.857   -9.965   -6.745
6.385   -9.798   -6.655
6.724   -8.331   -6.333
8.196   -8.228   -5.891
8.309   -7.253   -4.704
8.355   -8.050   -3.387
9.398   -9.177   -3.505
10.812   -8.589   -3.335
11.285   -7.993   -4.673
10.715   -6.571   -4.833
10.710   -5.863   -3.465
9.395   -5.079   -3.297
9.259   -4.610   -1.836
7.774   -4.620   -1.429
7.072   -3.383   -2.019
5.926   -3.835   -2.943
4.609   -3.176   -2.489
4.595   -3.061   -0.953
5.958   -2.535   -0.464
6.466   -1.448   -1.430
5.327   -0.457   -1.732
5.672   0.352   -2.997
6.964   -0.202   -3.624
8.150   0.706   -3.246
8.664   1.430   -4.504
9.969   2.177   -4.170
10.302   1.987   -2.678
11.037   0.648   -2.482
11.299   0.420   -0.982
12.763   0.769   -0.656
13.558   -0.527   -0.412
14.190   -0.999   -1.735
13.141   -1.766   -2.561
13.585   -3.232   -2.721
12.347   -4.147   -2.713
11.760   -4.205   -1.290
12.631   -3.361   -0.340
14.117   -3.673   -0.592
14.972   -3.033   0.518
14.220   -3.118   1.859
12.791   -2.572   1.683
12.394   -1.760   2.930
13.082   -0.384   2.888
14.498   -0.534   2.300
14.773   0.622   1.320
14.250   1.940   1.921
15.353   3.012   1.847
16.620   2.495   2.555
16.343   2.349   4.063
14.861   2.658   4.345
14.048   1.351   4.308
13.173   1.254   5.571
11.908   2.113   5.388
10.814   1.277   4.697
9.553   1.250   5.580
8.650   2.446   5.223
8.018   3.015   6.507
6.550   2.559   6.603
5.835   2.844   5.270
6.781   2.519   4.099
5.962   1.981   2.911
5.136   3.125   2.296
4.791   2.782   0.834
5.936   3.243   -0.086
6.821   2.035   -0.449
8.181   2.533   -0.971
8.055   2.908   -2.459
6.592   2.741   -2.909
5.974   4.127   -3.173
6.782   4.851   -4.267
7.776   5.827   -3.611
7.231   7.264   -3.718
5.791   7.310   -3.175
4.944   8.259   -4.043
3.936   7.438   -4.869
2.626   7.284   -4.075
2.924   7.381   -2.567
3.955   8.497   -2.317
