0.000   0.000   0.000
0.000   0.000   1.540
-1.307   -0.631   2.054
-1.144   -2.160   2.132
-2.388   -2.777   2.799
-3.271   -3.441   1.726
-2.753   -3.059   0.327
-1.389   -3.730   0.082
-1.563   -4.906   -0.897
-1.948   -4.366   -2.287
-1.344   -5.272   -3.376
-0.214   -4.520   -4.102
-0.822   -3.512   -5.096
-0.979   -2.143   -4.408
-2.398   -2.024   -3.820
-2.676   -0.556   -3.443
-1.660   0.358   -4.154
-2.394   1.239   -5.182
-1.583   1.286   -6.490
-0.224   1.962   -6.229
-0.114   2.336   -4.739
1.223   1.819   -4.177
1.943   0.982   -5.250
3.445   1.324   -5.248
3.703   2.498   -4.285
3.756   3.815   -5.083
4.894   4.699   -4.540
6.225   4.282   -5.194
7.072   5.536   -5.480
6.958   5.904   -6.971
7.977   7.009   -7.307
8.071   7.174   -8.836
7.129   6.167   -9.520
7.431   4.748   -9.004
8.808   4.734   -8.316
9.045   3.357   -7.667
9.588   3.549   -6.238
11.079   3.930   -6.303
11.926   2.658   -6.497
11.004   1.474   -6.840
11.265   1.022   -8.289
10.952   2.182   -9.253
11.962   3.322   -9.030
13.391   2.748   -9.014
13.329   1.213   -9.126
14.454   0.720   -10.055
13.850   0.258   -11.394
13.422   1.488   -12.216
14.472   1.766   -13.308
13.835   2.609   -14.429
12.656   1.836   -15.048
11.369   2.670   -14.917
10.175   1.735   -14.646
10.672   0.458   -13.945
10.222   0.472   -12.472
10.202   -0.968   -11.926
8.931   -1.686   -12.415
9.094   -2.068   -13.898
8.501   -0.956   -14.783
8.285   0.313   -13.939
7.489   -0.043   -12.670
6.045   -0.415   -13.056
5.120   -0.210   -11.842
5.436   -1.269   -10.770
5.679   -2.630   -11.447
4.529   -2.930   -12.427
3.197   -2.456   -11.816
3.089   -0.925   -11.944
2.479   -0.344   -10.654
3.203   0.965   -10.288
3.903   1.532   -11.537
3.032   1.269   -12.779
3.854   1.546   -14.052
3.296   0.707   -15.216
1.800   1.018   -15.404
1.256   0.226   -16.608
0.884   -1.199   -16.159
2.084   -2.138   -16.381
1.665   -3.589   -16.078
2.918   -4.437   -15.791
4.110   -3.880   -16.592
5.399   -4.607   -16.168
6.408   -4.587   -17.332
5.949   -3.569   -18.392
4.762   -4.149   -19.183
5.283   -5.153   -20.228
4.627   -4.863   -21.591
5.018   -5.963   -22.595
6.197   -6.778   -22.031
5.684   -8.134   -21.512
5.977   -9.228   -22.556
5.163   -8.949   -23.834
3.814   -9.686   -23.755
3.367   -10.094   -25.171
1.909   -9.650   -25.398
1.274   -10.518   -26.500
1.849   -10.111   -27.870
0.695   -9.874   -28.862
-0.316   -11.031   -28.761
0.238   -12.117   -27.821
1.422   -12.831   -28.500
0.941   -14.166   -29.099
-0.591   -14.141   -29.248
-1.112   -15.576   -29.452
-1.001   -16.356   -28.129
-2.098   -15.879   -27.158
-1.710   -16.261   -25.717
-2.963   -16.730   -24.955
-4.176   -16.720   -25.904
-3.794   -17.394   -27.234
-4.963   -18.271   -27.721
-4.464   -19.231   -28.816
-5.178   -18.913   -30.143
-6.618   -18.451   -29.854
-7.583   -19.124   -30.847
-7.232   -18.688   -32.281
-5.906   -17.905   -32.271
-6.160   -16.471   -31.768
-6.416   -15.543   -32.970
-6.600   -16.389   -34.243
-8.092   -16.432   -34.621
-8.705   -17.764   -34.150
-8.640   -18.793   -35.294
-10.066   -19.111   -35.780
-10.990   -19.313   -34.564
-10.452   -18.505   -33.369
-11.621   -17.795   -32.661
-12.586   -17.219   -33.714
-11.807   -16.313   -34.685
-10.704   -15.563   -33.915
-10.789   -14.058   -34.231
-11.421   -13.859   -35.621
-10.908   -12.544   -36.235
-9.758   -11.988   -35.375
-10.103   -12.160   -33.884
-9.030   -13.033   -33.205
-7.872   -13.281   -34.190
-6.569   -13.514   -33.403
-5.362   -13.334   -34.342
-5.302   -14.511   -35.333
-4.445   -14.114   -36.550
-4.525   -12.591   -36.760
-4.386   -11.876   -35.403
-5.769   -11.390   -34.934
-5.660   -9.939   -34.429
-5.181   -9.939   -32.965
-3.871   -10.742   -32.853
-3.660   -11.181   -31.392
-2.992   -12.568   -31.364
-3.063   -13.202   -32.765
-1.667   -13.708   -33.172
-1.476   -15.150   -32.667
-2.118   -16.133   -33.663
-1.287   -17.428   -33.716
-2.226   -18.646   -33.640
-1.504   -19.888   -34.195
0.016   -19.643   -34.190
0.717   -20.772   -33.411
0.045   -20.940   -32.035
0.560   -19.850   -31.076
0.068   -18.471   -31.554
-0.852   -17.854   -30.484
-0.938   -18.801   -29.273
-2.245   -19.612   -29.346
-2.617   -20.116   -27.939
-2.315   -19.018   -26.903
-0.812   -19.030   -26.565
-0.553   -18.133   -25.340
-1.098   -18.821   -24.075
-0.728   -17.986   -22.835
-0.727   -18.889   -21.588
-1.965   -19.804   -21.615
-1.547   -21.244   -21.263
-1.356   -22.055   -22.558
-1.936   -23.470   -22.369
-2.965   -23.454   -21.223
-2.289   -23.921   -19.920
-0.767   -24.009   -20.133
-0.069   -22.901   -19.323
1.258   -23.438   -18.755
2.201   -22.259   -18.449
2.257   -21.317   -19.667
2.826   -19.953   -19.235
2.470   -19.691   -17.760
1.829   -18.297   -17.625
1.688   -17.938   -16.134
2.859   -18.552   -15.345
3.943   -17.482   -15.116
3.554   -16.606   -13.911
2.787   -15.365   -14.404
1.317   -15.740   -14.668
0.426   -14.500   -14.468
-0.565   -14.385   -15.641
-1.936   -13.924   -15.113
-3.028   -14.893   -15.602
-2.553   -16.344   -15.406
-1.053   -16.351   -15.055
-0.532   -17.800   -15.056
0.444   -17.996   -13.881
-0.347   -18.067   -12.562
0.306   -19.101   -11.626
1.039   -18.371   -10.486
1.110   -19.288   -9.250
0.833   -18.461   -7.980
1.258   -17.000   -8.216
1.879   -16.431   -6.926
3.247   -15.801   -7.248
3.545   -15.961   -8.751
4.019   -17.399   -9.031
3.676   -18.297   -7.828
4.551   -19.564   -7.866
3.654   -20.811   -7.769
3.585   -21.503   -9.143
3.081   -20.501   -10.198
4.224   -19.545   -10.588
5.460   -19.841   -9.718
6.536   -18.770   -9.973
7.668   -19.372   -10.827
8.612   -20.191   -9.926
9.978   -20.345   -10.620
11.099   -19.944   -9.642
12.393   -19.669   -10.429
12.048   -18.972   -11.758
11.069   -17.813   -11.492
9.664   -18.381   -11.216
8.601   -17.405   -11.755
8.311   -17.725   -13.233
6.844   -17.384   -13.554
6.788   -16.475   -14.796
8.151   -16.498   -15.512
8.248   -15.297   -16.471
9.230   -15.627   -17.611
9.349   -14.416   -18.554
8.586   -14.704   -19.860
7.083   -14.443   -19.646
6.314   -14.780   -20.937
6.105   -16.303   -21.027
5.214   -16.770   -19.861
5.676   -18.160   -19.386
6.003   -19.038   -20.609
7.115   -20.038   -20.241
8.444   -19.585   -20.872
8.978   -20.694   -21.797
9.574   -21.831   -20.946
8.455   -22.501   -20.127
7.660   -23.461   -21.032
7.588   -22.883   -22.458
6.175   -23.100   -23.030
5.844   -24.604   -23.024
5.409   -25.029   -21.609
3.911   -24.724   -21.419
3.746   -23.328   -20.791
5.134   -22.706   -20.549
5.313   -22.416   -19.047
5.977   -23.626   -18.365
4.914   -24.430   -17.594
5.327   -25.913   -17.543
4.067   -26.798   -17.545
3.884   -27.435   -16.155
2.595   -26.897   -15.508
2.877   -25.529   -14.858
3.834   -24.722   -15.755
3.166   -23.394   -16.156
2.057   -23.051   -15.144
1.921   -21.521   -15.029
2.480   -21.055   -13.672
2.204   -19.551   -13.491
3.126   -18.988   -12.394
2.601   -17.614   -11.937
3.791   -16.690   -11.615
3.266   -15.304   -11.195
3.702   -14.253   -12.233
2.871   -12.970   -12.045
1.501   -13.329   -11.441
1.200   -14.817   -11.697
0.277   -15.354   -10.587
-0.225   -14.181   -9.724
-1.437   -14.637   -8.891
-1.443   -13.893   -7.542
-1.019   -12.429   -7.762
-0.937   -11.708   -6.403
-1.190   -10.203   -6.603
-0.308   -9.399   -5.630
-1.128   -8.243   -5.028
-0.510   -7.820   -3.682
0.513   -8.879   -3.231
1.730   -8.853   -4.175
1.969   -10.264   -4.745
2.974   -10.184   -5.909
4.368   -10.613   -5.415
4.455   -10.417   -3.890
3.689   -11.550   -3.181
3.594   -11.242   -1.675
4.462   -10.013   -1.346
3.678   -9.063   -0.422
4.269   -9.124   0.999
3.672   -10.327   1.753
3.388   -9.929   3.213
4.376   -8.831   3.648
3.640   -7.480   3.728
2.120   -7.724   3.774
1.381   -6.441   3.353
0.266   -6.795   2.352
0.184   -8.325   2.193
1.598   -8.895   1.977
1.605   -9.792   0.725
0.414   -9.423   -0.178
0.808   -8.250   -1.095
-0.461   -7.509   -1.555
-1.691   -8.106   -0.846
-2.935   -7.260   -1.176
-3.457   -6.592   0.109
-4.549   -7.474   0.741
-5.652   -6.580   1.338
-5.012   -5.338   1.986
-5.792   -4.963   3.260
-6.683   -6.146   3.684
-6.073   -7.461   3.163
-4.790   -7.781   3.952
-4.917   -7.230   5.384
-5.994   -8.024   6.147
-5.338   -8.799   7.304
-6.034   -8.433   8.628
-6.871   -9.629   9.117
-6.152   -10.942   8.757
-4.668   -10.652   8.464
-3.923   -11.977   8.220
-4.336   -13.004   9.291
-5.343   -12.358   10.261
-4.616   -11.933   11.550
-5.653   -11.560   12.626
-6.005   -10.066   12.504
-5.832   -9.383   13.873
-6.742   -10.070   14.908
-6.862   -9.179   16.159
-5.474   -9.009   16.804
-4.395   -8.986   15.704
-3.540   -7.714   15.849
-3.610   -7.211   17.303
-2.367   -7.694   18.074
-2.403   -7.136   19.509
-2.003   -8.244   20.501
-1.090   -7.653   21.591
-0.361   -6.416   21.036
0.260   -6.756   19.668
1.268   -7.908   19.833
1.021   -8.619   21.177
-0.224   -9.519   21.061
-0.108   -10.397   19.802
1.145   -9.989   19.004
2.385   -10.675   19.608
2.761   -11.901   18.755
4.014   -12.573   19.345
3.803   -14.098   19.398
5.143   -14.792   19.707
5.254   -15.044   21.222
6.739   -15.116   21.624
6.936   -16.231   22.667
7.096   -15.604   24.065
8.563   -15.724   24.517
8.623   -16.420   25.889
9.935   -17.220   26.002
9.692   -18.672   25.549
10.794   -19.091   24.558
12.175   -18.781   25.163
12.255   -17.286   25.523
13.704   -16.923   25.896
13.783   -15.428   26.260
13.005   -15.175   27.564
13.630   -13.983   28.312
15.161   -14.143   28.347
15.544   -15.538   27.820
15.898   -15.443   26.324
16.318   -16.832   25.806
16.722   -17.723   26.994
17.181   -16.838   28.168
16.107   -16.851   29.272
16.526   -17.830   30.385
15.936   -17.363   31.729
16.157   -15.848   31.889
14.892   -15.204   32.487
13.836   -15.024   31.381
12.560   -15.800   31.757
12.156   -15.456   33.202
11.090   -16.455   33.689
10.820   -17.497   32.588
9.637   -17.031   31.719
8.923   -18.258   31.122
9.852   -18.950   30.107
10.078   -20.413   30.531
11.576   -20.755   30.419
11.828   -22.157   31.004
10.514   -22.961   30.997
9.570   -22.393   29.921
10.281   -22.405   28.555
9.642   -23.477   27.652
9.046   -24.596   28.526
8.300   -25.604   27.632
8.183   -25.037   26.205
7.179   -23.870   26.196
6.887   -23.432   27.644
5.462   -23.868   28.035
5.530   -24.816   29.247
5.516   -26.276   28.759
6.205   -27.174   29.804
7.384   -26.413   30.438
8.012   -27.272   31.551
9.443   -26.781   31.835
10.159   -27.786   32.756
10.337   -27.164   34.154
9.207   -27.649   35.080
7.925   -27.870   34.255
7.883   -29.325   33.751
9.242   -29.999   34.013
9.623   -29.831   35.496
8.559   -30.510   36.379
7.445   -29.500   36.711
6.390   -29.512   35.588
5.725   -28.126   35.494
4.195   -28.284   35.567
3.580   -27.036   36.227
4.473   -26.579   37.395
4.187   -25.099   37.713
2.673   -24.837   37.619
2.291   -24.546   36.155
3.563   -24.234   35.345
3.346   -22.951   34.521
4.345   -22.918   33.349
5.783   -22.899   33.901
6.698   -23.727   32.979
8.142   -23.202   33.081
8.424   -22.242   31.911
7.753   -20.884   32.188
7.785   -20.593   33.700
9.150   -19.988   34.078
10.260   -21.022   33.815
11.601   -20.294   33.604
11.521   -18.882   34.214
12.894   -18.195   34.101
13.931   -19.202   33.570
15.319   -18.860   34.143
15.469   -19.495   35.539
15.487   -18.387   36.608
14.167   -18.416   37.401
14.079   -17.168   38.299
12.683   -17.098   38.945
12.763   -16.292   40.255
14.001   -16.736   41.057
15.209   -16.859   40.111
15.945   -15.508   40.039
15.844   -14.794   41.400
17.221   -14.221   41.783
17.140   -12.684   41.840
16.280   -12.259   43.044
14.790   -12.319   42.659
13.937   -12.488   43.930
14.291   -11.379   44.938
13.093   -11.133   45.874
11.918   -12.034   45.451
10.588   -11.306   45.725
10.790   -9.788   45.561
9.429   -9.075   45.665
9.645   -7.619   46.120
9.155   -6.659   45.020
10.266   -5.645   44.690
9.671   -4.225   44.651
10.662   -3.235   45.291
11.603   -2.677   44.207
12.353   -3.839   43.530
11.345   -4.743   42.796
11.611   -6.214   43.165
10.645   -7.123   42.382
9.524   -6.269   41.762
8.232   -6.444   42.580
8.046   -5.233   43.514
7.089   -5.609   44.660
6.672   -7.085   44.518
5.160   -7.219   44.777
4.547   -5.821   44.979
3.804   -5.396   43.698
3.859   -3.864   43.556
3.852   -3.485   42.063
5.095   -2.634   41.743
5.592   -2.964   40.323
5.893   -1.656   39.567
5.928   -0.483   40.564
7.391   -0.091   40.845
8.066   -1.191   41.685
9.166   -0.566   42.562
8.973   -1.010   44.024
8.330   0.136   44.828
8.972   1.474   44.419
7.868   2.484   44.056
7.983   2.857   42.566
9.300   3.618   42.326
10.491   2.697   42.648
11.541   3.478   43.461
10.843   4.589   44.267
11.851   5.713   44.573
12.750   5.291   45.750
13.872   4.371   45.236
14.329   3.434   46.369
15.098   4.246   47.428
16.586   4.320   47.038
16.920   5.745   46.558
16.858   5.797   45.020
17.332   7.179   44.533
16.632   7.524   43.205
15.137   7.167   43.305
14.345   8.399   43.782
15.085   9.061   44.959
16.031   10.152   44.423
17.262   10.263   45.342
16.801   10.505   46.791
16.939   9.200   47.599
17.487   8.087   46.687
19.001   8.287   46.484
19.637   8.765   47.803
21.164   8.863   47.630
21.800   9.357   48.943
20.762   9.277   50.078
21.308   8.389   51.211
22.600   7.694   50.743
22.279   6.748   49.571
21.385   5.597   50.068
22.046   4.249   49.728
21.466   3.711   48.406
22.507   3.877   47.283
23.921   3.671   47.859
24.604   5.039   48.046
26.077   4.942   47.608
26.564   3.489   47.760
26.936   2.924   46.377
26.558   1.433   46.312
27.827   0.590   46.085
29.072   1.443   46.391
30.076   1.323   45.229
30.792   -0.038   45.307
29.746   -1.165   45.382
30.461   -2.522   45.519
29.417   -3.654   45.544
28.202   -3.252   44.687
27.090   -4.305   44.845
25.732   -3.597   45.013
25.955   -2.187   45.589
26.168   -1.188   44.436
27.216   -1.749   43.457
26.531   -2.125   42.130
26.233   -0.846   41.325
26.625   -1.063   39.852
27.896   -0.253   39.533
28.383   0.462   40.807
29.627   -0.259   41.358
30.122   0.464   42.624
31.505   -0.084   43.021
31.565   -1.594   42.724
33.011   -2.095   42.896
33.333   -3.122   41.795
33.882   -4.410   42.438
35.136   -4.872   41.672
36.292   -3.890   41.939
37.053   -4.324   43.205
36.582   -3.479   44.403
35.174   -3.934   44.831
35.294   -5.031   45.906
36.324   -4.601   46.967
35.844   -5.047   48.360
35.732   -3.820   49.283
34.468   -3.017   48.919
33.273   -3.978   48.777
33.642   -5.350   49.370
32.804   -6.447   48.688
32.688   -7.663   49.625
34.080   -8.290   49.829
33.966   -9.825   49.775
35.226   -10.456   50.396
34.942   -10.838   51.861
35.781   -9.948   52.797
37.014   -10.731   53.282
37.275   -10.413   54.766
36.958   -8.930   55.036
37.085   -8.130   53.727
37.617   -6.719   54.036
38.125   -6.064   52.738
38.710   -4.676   53.056
37.562   -3.668   53.253
36.551   -4.232   54.269
37.308   -4.889   55.438
36.939   -4.179   56.753
35.422   -4.299   56.994
35.155   -4.510   58.496
36.410   -4.122   59.300
36.180   -2.763   59.988
37.536   -2.154   60.390
38.569   -2.421   59.279
38.403   -3.860   58.758
39.551   -4.191   57.787
40.120   -5.583   58.118
38.988   -6.493   58.629
39.293   -6.931   60.074
39.149   -8.460   60.188
40.013   -8.971   61.356
39.280   -10.120   62.074
39.243   -11.358   61.159
37.888   -11.418   60.430
36.849   -12.110   61.332
36.189   -11.066   62.251
35.605   -9.925   61.397
36.738   -8.977   60.962
36.211   -7.530   60.923
36.248   -7.009   59.474
34.835   -6.566   59.051
33.892   -6.626   60.267
34.024   -7.999   60.953
33.533   -9.101   59.997
32.320   -8.586   59.199
31.743   -9.731   58.346
32.764   -10.134   57.267
33.397   -8.868   56.659
34.190   -9.246   55.394
35.172   -10.385   55.725
36.189   -9.899   56.774
35.527   -9.887   58.165
35.738   -11.252   58.847
36.381   -12.231   57.848
37.703   -12.765   58.430
38.635   -13.193   57.281
39.582   -14.303   57.774
41.005   -13.734   57.927
41.681   -14.364   59.159
42.499   -13.291   59.902
42.334   -11.935   59.190
43.391   -10.947   59.716
44.779   -11.344   59.178
44.994   -10.710   57.791
43.970   -9.580   57.579
43.084   -9.911   56.363
41.615   -9.586   56.693
40.702   -10.677   56.104
41.480   -11.483   55.048
41.238   -12.988   55.269
39.732   -13.243   55.463
39.035   -13.270   54.090
39.074   -11.863   53.466
40.061   -11.852   52.283
39.809   -13.084   51.393
41.066   -13.376   50.552
40.654   -13.687   49.102
41.403   -12.745   48.141
40.839   -12.908   46.717
39.704   -13.949   46.730
38.484   -13.371   47.471
38.282   -11.901   47.059
39.653   -11.241   46.817
39.503   -10.110   45.784
39.070   -10.703   44.430
39.356   -9.688   43.308
40.666   -8.938   43.614
41.782   -9.955   43.912
42.897   -9.818   42.858
42.316   -10.087   41.458
40.869   -9.565   41.392
40.813   -8.317   40.492
39.779   -7.324   41.053
38.387   -7.653   40.481
37.592   -6.349   40.282
36.270   -6.659   39.555
35.101   -6.565   40.552
33.860   -7.255   39.956
33.530   -8.516   40.776
34.627   -9.575   40.555
35.371   -9.827   41.879
34.475   -10.648   42.825
33.914   -11.868   42.071
32.386   -11.929   42.256
31.779   -12.880   41.208
30.598   -12.184   40.506
29.785   -11.384   41.540
29.458   -12.284   42.746
30.270   -13.589   42.647
31.086   -13.786   43.939
30.161   -13.626   45.160
29.408   -12.287   45.063
30.375   -11.187   44.586
30.166   -9.916   45.431
30.782   -10.120   46.827
29.854   -11.011   47.674
30.698   -12.034   48.457
31.849   -11.308   49.177
33.153   -11.494   48.380
33.025   -10.795   47.014
34.375   -10.161   46.632
35.340   -10.247   47.829
36.048   -11.615   47.821
35.038   -12.718   48.185
35.656   -14.098   47.891
36.666   -14.455   48.997
37.117   -15.918   48.828
38.014   -16.039   47.582
38.686   -17.425   47.565
40.216   -17.254   47.552
40.837   -18.258   46.564
39.832   -18.560   45.437
39.028   -19.824   45.790
37.524   -19.543   45.614
36.799   -20.847   45.231
36.373   -21.593   46.509
34.941   -21.179   46.893
33.931   -21.980   46.051
33.909   -21.429   44.613
35.279   -21.669   43.950
35.584   -23.178   43.932
34.638   -23.905   44.906
35.371   -24.166   46.235
35.577   -25.681   46.420
35.622   -26.366   45.041
34.624   -27.539   45.017
33.209   -27.004   44.728
33.285   -25.898   43.660
32.235   -24.814   43.965
32.125   -23.853   42.767
32.369   -22.409   43.243
31.025   -21.757   43.618
29.877   -22.742   43.327
29.630   -23.623   44.565
29.604   -22.741   45.828
28.727   -21.502   45.571
27.464   -21.918   44.793
27.731   -23.238   44.048
27.727   -24.406   45.052
26.376   -25.141   44.981
25.795   -25.011   43.561
25.039   -26.301   43.194
25.988   -27.261   42.453
25.816   -27.082   40.933
27.144   -26.604   40.318
27.206   -27.024   38.838
25.790   -27.378   38.344
25.806   -28.775   37.697
24.360   -29.269   37.506
24.249   -30.730   37.979
22.873   -30.956   38.633
21.763   -30.703   37.596
21.636   -29.190   37.339
20.986   -28.514   38.560
22.058   -28.257   39.636
23.411   -27.973   38.957
23.400   -26.551   38.366
23.193   -25.526   39.497
23.055   -26.264   40.841
21.574   -26.290   41.264
21.315   -25.177   42.296
19.827   -25.180   42.693
19.667   -25.821   44.084
18.467   -26.786   44.071
17.373   -26.233   43.139
16.229   -27.258   43.023
16.537   -28.245   41.882
17.466   -27.570   40.856
16.630   -27.037   39.677
17.566   -26.642   38.520
16.799   -26.725   37.187
17.685   -27.404   36.126
17.493   -26.700   34.770
15.988   -26.571   34.466
15.789   -25.676   33.229
16.902   -25.960   32.204
18.277   -25.760   32.869
18.994   -27.118   32.986
20.313   -26.938   33.760
21.403   -27.825   33.130
22.718   -27.657   33.914
22.517   -28.133   35.365
23.028   -29.579   35.506
21.830   -30.544   35.575
22.257   -31.932   35.062
21.536   -32.233   33.735
20.034   -31.925   33.884
19.626   -30.849   32.861
20.883   -30.114   32.360
20.933   -30.172   30.821
22.052   -29.246   30.308
21.474   -27.846   30.032
20.117   -27.981   29.316
20.347   -28.432   27.861
19.199   -27.915   26.975
19.329   -28.515   25.563
18.252   -29.598   25.363
18.918   -30.986   25.335
18.443   -31.808   26.547
17.014   -32.324   26.291
16.336   -31.448   25.220
15.001   -30.911   25.767
14.300   -32.011   26.586
12.900   -32.274   26.002
12.018   -32.953   27.066
12.164   -34.482   26.955
13.204   -34.975   27.978
13.173   -36.514   28.042
13.153   -37.088   26.613
11.695   -37.271   26.153
11.232   -36.012   25.398
12.458   -35.167   25.007
12.036   -34.087   23.993
10.499   -34.029   23.914
9.985   -32.845   24.754
10.891   -31.621   24.526
10.020   -30.384   24.239
10.790   -29.414   23.323
10.010   -28.091   23.204
10.391   -27.387   21.888
9.553   -27.968   20.734
9.713   -29.500   20.702
8.420   -30.162   21.212
7.574   -30.629   20.012
6.450   -29.610   19.748
5.678   -30.014   18.479
5.971   -31.489   18.147
7.259   -31.581   17.308
8.428   -30.955   18.092
8.204   -29.437   18.223
9.541   -28.746   18.549
10.224   -28.305   17.241
10.061   -26.784   17.064
10.643   -26.059   18.291
10.582   -24.537   18.066
11.457   -23.826   19.116
11.004   -22.361   19.255
12.031   -21.583   20.098
12.417   -20.283   19.369
11.359   -19.201   19.653
11.932   -17.816   19.300
13.465   -17.909   19.181
13.886   -17.628   17.727
14.297   -16.150   17.587
14.062   -15.423   18.924
12.566   -15.480   19.285
12.379   -15.097   20.764
13.624   -15.519   21.566
14.505   -14.284   21.836
14.365   -13.866   23.311
14.472   -12.334   23.423
13.452   -11.677   22.475
12.710   -10.550   23.218
13.725   -9.689   23.991
12.988   -8.539   24.702
12.493   -9.019   26.079
11.603   -10.262   25.900
10.413   -9.916   24.986
9.296   -10.958   25.179
7.970   -10.398   24.631
7.929   -10.576   23.102
9.362   -10.756   22.567
10.074   -11.862   23.368
9.596   -13.241   22.877
10.817   -14.121   22.547
12.064   -13.231   22.391
11.916   -12.352   21.136
12.031   -13.231   19.876
10.871   -12.909   18.916
10.610   -11.391   18.916
11.858   -10.655   18.393
11.649   -10.277   16.915
13.000   -9.879   16.290
14.059   -10.943   16.636
15.181   -10.298   17.471
15.558   -8.936   16.861
16.673   -8.286   17.701
17.760   -9.333   18.010
17.891   -10.304   16.822
17.273   -9.664   15.565
18.396   -9.176   14.632
19.628   -10.087   14.789
20.124   -10.035   16.245
21.525   -9.397   16.288
21.924   -9.131   17.752
20.955   -8.107   18.371
21.381   -7.807   19.820
22.651   -6.937   19.812
23.178   -6.808   18.371
22.284   -5.834   17.582
22.720   -4.386   17.872
22.206   -3.460   16.754
21.609   -4.310   15.617
21.790   -3.575   14.276
21.212   -4.434   13.136
21.170   -3.606   11.838
20.647   -4.483   10.686
20.950   -5.962   10.987
21.166   -6.722   9.665
19.812   -7.234   9.138
19.990   -8.645   8.549
20.867   -8.568   7.285
20.430   -7.364   6.429
21.155   -6.096   6.918
20.146   -4.938   7.027
20.294   -4.011   5.806
20.777   -2.624   6.269
21.440   -2.746   7.654
22.967   -2.612   7.506
23.443   -3.448   6.304
23.599   -2.536   5.073
24.103   -1.151   5.521
24.234   -0.230   4.293
25.500   -0.607   3.501
25.175   -0.637   1.996
26.386   -0.120   1.198
25.902   0.835   0.091
24.492   0.418   -0.368
24.561   -0.960   -1.052
26.027   -1.428   -1.117
26.114   -2.907   -0.694
24.832   -3.642   -1.129
24.651   -4.908   -0.271
24.383   -6.116   -1.189
23.671   -5.641   -2.469
23.038   -4.258   -2.223
22.001   -3.965   -3.322
20.656   -3.588   -2.673
20.915   -2.782   -1.386
21.848   -3.581   -0.458
21.031   -4.636   0.310
20.907   -4.217   1.786
19.640   -4.846   2.395
18.959   -5.746   1.348
18.062   -4.887   0.437
16.644   -5.486   0.399
15.892   -5.107   1.688
14.515   -4.519   1.326
14.577   -2.982   1.397
14.382   -2.526   2.855
14.400   -0.987   2.919
13.057   -0.436   2.404
12.810   -0.939   0.970
11.341   -1.381   0.826
10.529   -0.864   2.028
11.159   0.441   2.551
11.150   1.500   1.434
9.734   1.609   0.840
8.826   2.384   1.813
8.359   3.692   1.149
7.119   4.229   1.889
6.430   5.302   1.025
6.454   4.866   -0.452
7.332   3.610   -0.603
6.511   2.361   -0.230
7.102   1.127   -0.938
6.063   -0.009   -0.942
5.564   -0.244   -2.380
4.035   -0.067   -2.430
3.479   -0.751   -3.692
4.635   -1.397   -4.478
4.071   -2.137   -5.706
2.544   -2.281   -5.562
2.162   -2.240   -4.071
2.019   -3.678   -3.537
3.417   -4.273   -3.284
3.624   -5.502   -4.189
4.507   -5.113   -5.389
5.941   -4.830   -4.902
6.717   -4.078   -5.999
7.440   -5.093   -6.903
8.524   -4.370   -7.725
7.853   -3.443   -8.756
8.347   -2.000   -8.548
8.008   -1.542   -7.118
9.214   -0.796   -6.517
8.901   0.710   -6.439
8.594   1.244   -7.851
9.414   0.455   -8.889
9.118   1.000   -10.299
7.698   0.582   -10.724
6.789   1.824   -10.767
6.241   2.011   -12.194
6.069   3.513   -12.486
6.313   4.319   -11.197
6.527   5.802   -11.550
5.337   6.308   -12.387
4.122   5.391   -12.160
3.876   4.542   -13.421
4.459   5.264   -14.650
3.455   6.319   -15.150
4.173   7.308   -16.087
5.551   7.666   -15.499
6.135   6.439   -14.775
6.465   5.343   -15.805
6.647   5.982   -17.195
8.148   6.191   -17.471
8.485   5.686   -18.887
8.818   6.885   -19.794
8.241   6.642   -21.201
6.893   5.907   -21.084
7.002   4.800   -20.018
6.356   3.508   -20.552
7.458   2.530   -20.999
7.044   1.090   -20.640
6.632   1.029   -19.157
7.330   -0.165   -18.479
7.625   -1.252   -19.529
6.365   -1.501   -20.379
