0.000   0.000   0.000
0.000   0.000   1.454
0.147   -1.367   1.927
0.366   -1.349   3.365
0.630   0.017   3.787
2.045   0.302   3.611
2.820   -0.665   4.371
3.574   0.035   5.398
2.669   0.889   6.150
3.241   2.223   6.238
4.299   2.220   7.235
4.460   0.870   7.750
5.794   0.733   8.313
6.076   -0.677   8.527
5.998   -0.964   9.950
7.343   -1.146   10.471
7.532   -0.265   11.612
8.822   0.395   11.492
8.757   1.372   10.418
8.891   2.705   10.982
7.968   3.601   10.305
7.073   2.816   9.471
6.058   3.693   8.909
6.174   3.684   7.460
7.102   4.726   7.052
6.627   6.006   7.551
6.109   5.825   8.898
7.222   5.622   9.810
8.436   5.415   9.037
8.737   6.628   8.294
7.690   7.606   8.541
7.232   8.140   7.268
7.870   7.404   6.189
6.881   7.115   5.163
7.271   5.905   4.457
8.098   6.268   3.317
8.665   5.060   2.741
8.163   3.906   3.469
8.460   4.074   4.883
9.842   4.501   5.029
9.869   5.928   5.307
10.071   6.129   6.732
11.415   5.699   7.086
12.375   6.627   6.512
13.463   6.826   7.456
14.669   7.176   6.722
14.665   6.480   5.446
14.171   5.127   5.646
14.330   4.377   4.411
13.050   3.793   4.043
12.175   4.843   3.549
12.862   6.120   3.653
13.274   6.546   2.325
12.469   5.848   1.334
13.141   5.915   0.046
12.319   5.252   -0.952
12.160   6.133   -2.097
13.252   5.899   -3.029
12.887   6.437   -4.330
14.080   6.959   -4.977
14.966   5.852   -5.301
14.455   5.165   -6.476
13.307   4.360   -6.091
12.161   5.233   -5.894
11.205   4.570   -5.022
10.952   3.231   -5.529
11.639   2.268   -4.684
10.673   1.645   -3.793
9.521   1.216   -4.569
8.360   1.152   -3.697
7.198   1.645   -4.418
7.227   1.126   -5.776
6.507   2.039   -6.648
7.427   3.056   -7.131
8.403   2.433   -8.009
8.256   2.984   -9.347
8.300   1.898   -10.313
9.637   1.822   -10.879
10.433   2.925   -10.364
10.943   3.703   -11.482
11.081   5.090   -11.068
11.767   5.136   -9.787
13.188   4.914   -10.002
13.824   4.648   -8.722
14.870   3.656   -8.910
14.423   2.386   -8.361
13.460   1.789   -9.271
12.310   2.671   -9.389
12.162   3.424   -8.154
10.767   3.802   -7.994
10.674   5.252   -7.938
9.543   5.622   -7.103
9.033   6.912   -7.540
10.059   7.588   -8.317
10.619   8.669   -7.522
10.995   8.151   -6.216
11.477   9.248   -5.393
12.930   9.217   -5.365
13.441   9.919   -6.532
13.129   9.146   -7.723
